0b:237,62,146,17
0a:239,60,103,27
00:437,59,106,16
01:51,92,117,33
02:21,156,281,46
03:23,217,279,47
04:22,279,281,48
05:305,87,285,23
06:304,122,286,18
07:304,156,286,46
08:307,218,283,47
09:305,279,285,47
10:18,359,50,141
11:78,360,63,140
12:139,359,295,141
13_1:437,369,77,26
13_2:512,369,77,26
14:437,414,75,29
15:514,414,77,28
16:437,462,154,39
17_11:61,514,60,13
17_12:61,526,60,13
17_13:61,538,60,12
17_14:61,549,60,12
17_21:120,514,72,13
17_22:120,526,72,13
17_23:120,538,72,12
17_24:120,549,72,12
17_31:191,514,54,13
17_32:191,527,54,13
17_33:191,538,54,12
17_34:191,549,54,12
17_41:244,514,60,13
17_42:244,526,60,13
17_43:244,539,60,12
17_44:244,549,60,12
18:17,579,286,31
19:18,621,286,32
20:19,664,285,62
21:303,513,287,56
22:304,578,286,85
23:304,704,286,22
