0a:308,93,283,39
00:198,47,391,19
01:47,114,102,39
02:308,93,283,39
03:306,136,283,17
04:21,177,131,13
05:158,177,143,13
06:308,177,143,13
07:456,177,134,13
08:145,191,446,12
09:21,227,131,13
10:158,227,143,13
11:308,227,143,13
12:456,227,134,13
13:21,264,279,13
14:21,288,131,12
15:158,288,142,12
16:21,311,130,12
17:156,310,145,13
18:309,264,282,13
19:307,287,143,13
20:456,288,134,12
21:308,310,143,13
22:456,311,133,12
23:23,349,279,13
24:308,347,283,13
25_0:169,363,269,13
25_1:65,370,39,21
25_2:242,372,66,20
25_3:359,362,52,29
25_4:440,362,15,29
25_5:457,362,135,23
26:24,410,352,14
27:385,401,209,23
28:19,448,52,217
29:70,447,234,215
30:304,447,47,216
31:353,449,64,215
32_1:417,663,49,21
32_2:414,661,51,24
32_3:466,664,49,22
32_4:466,662,50,22
33_1:515,448,80,215
33_2:516,662,78,22
34:24,670,326,14
35:23,695,280,20
36:24,727,279,39
37:305,693,146,22
38:453,694,138,21
39:304,763,284,35
40:19,775,281,25
