0a:308,93,283,39
00:198,47,391,19
01:47,114,102,39
02:308,93,283,39
03:306,136,283,17
04:21,177,131,13
05:158,177,143,13
06:308,177,143,13
07:456,177,134,13
08:145,191,446,12
09:21,227,131,13
10:158,227,143,13
11:308,227,143,13
12:456,227,134,13
13:21,264,279,13
14:21,288,131,12
15:158,288,142,12
16:21,311,130,12
17:156,310,145,13
18:309,264,282,13
19:307,287,143,13
20:456,288,134,12
21:308,310,143,13
22:456,311,133,12
23:23,349,279,13
24:308,347,283,13
25_0:21,362,285,13
25_1:65,370,39,21
25_2:242,372,66,20
25_3:359,362,52,29
25_4:440,362,15,29
25_5:457,362,135,23
26:207,381,208,12
27:422,370,169,23
28:19,417,52,150
29:70,417,234,150
30:304,417,47,150
31:353,417,63,150
32_1:415,417,50,150
32_2:415,568,50,22
32_3:466,417,49,150
32_4:466,568,49,22
33_1:516,418,79,150
33_2:516,568,79,22
34:23,579,326,13
35:23,602,278,20
36:23,634,278,38
37:306,601,145,21
38:457,601,136,21
39:307,670,285,25
40:22,681,281,13
