0b:20,78,298,163
0a:297,127,574,163
00:408,11,574,57
01:20,78,298,163
02:20,173,298,221
03:20,231,298,270
04:20,280,298,319
05:297,78,574,117
06:297,127,574,163
07:297,173,574,221
08:297,231,574,270
09:297,280,574,319
10:20,349,105,477
11:104,349,188,477
12:187,349,436,477
13_1:435,359,492,395
13_2:491,359,574,395
14:435,405,492,422
15:491,405,574,422
16:435,431,574,477
17_11:63,517,153,534
17_21:152,517,203,534
17_31:201,517,299,534
17_41:298,517,349,534
17_12:63,533,153,550
17_22:152,533,203,550
17_32:201,533,299,550
17_42:298,533,349,550
17_13:63,549,153,566
17_23:152,549,203,566
17_33:201,549,299,566
17_43:298,549,349,566
17_14:63,565,153,582
17_24:152,565,203,582
17_34:201,565,299,582
17_44:298,565,349,582
18:20,618,353,637
19:20,647,353,667
20:20,676,353,751
21:352,498,574,508
22:352,518,574,596
23:352,618,574,751
