0b:297,20,592,38
0a:297,20,592,38
00:297,20,592,38
01:2,48,297,114
02:2,123,297,162
03:2,171,297,222
04:2,232,297,280
05:297,48,592,114
06:297,123,592,138
07:297,147,592,162
08:297,171,592,190
09:297,200,592,280
10:2,300,84,462
11:85,300,167,462
12:167,300,427,462
13_1:427,305,509,356
13_2:510,305,592,356
14:427,374,509,412
15:510,374,592,412
16:427,430,592,492
17_11:61,524,120,548
17_12:61,548,120,572
17_13:61,572,120,596
17_14:61,596,120,610
17_21:120,524,179,548
17_22:120,548,179,572
17_23:120,572,179,596
17_24:120,596,179,610
17_31:179,524,238,548
17_32:179,548,238,572
17_33:179,572,238,596
17_34:179,596,238,610
17_41:238,524,297,548
17_42:238,548,297,572
17_43:238,572,297,596
17_44:238,596,297,610
18:2,619,297,658
19:2,667,297,701
20:2,710,297,757
21:297,501,592,596
22:297,610,592,658
23:2,462,167,492
