0b:216,59,129,10
0a:418,46,34,21
00:470,46,121,21
01:24,139,100,13
02:23,161,288,34
03:23,204,288,34
04:23,246,288,34
05:312,76,277,34
06:312,119,277,33
07:312,162,277,33
08:312,204,277,33
09:312,246,277,34
10:24,299,68,243
11:89,300,87,243
12:179,298,268,243
13_1:450,297,72,80
13_2:518,297,72,81
14:440,395,70,66
15:519,395,70,66
16:448,487,141,54
17_11:103,573,76,23
17_12:103,595,76,31
17_13:103,626,76,28
17_14:103,655,76,14
17_21:180,573,27,22
17_22:179,596,27,29
17_23:179,626,28,29
17_24:180,655,28,14
17_31:208,573,75,22
17_32:208,596,75,29
17_33:208,626,75,29
17_34:208,655,75,14
17_41:284,572,28,24
17_42:284,596,27,29
17_43:284,626,28,28
17_44:284,655,28,14
18:24,676,287,32
19:23,716,288,20
20:23,733,288,35
21:312,550,278,47
22:313,607,277,47
23:313,686,276,74
