0a:413,43,34,24
00:462,43,127,25
01:24,160,90,22
02:313,90,276,40
03:313,141,276,40
04:23,203,146,17
05:171,199,81,20
06:253,201,160,17
07:415,201,174,18
08:144,219,444,13
09:23,251,146,28
10:171,250,81,19
11:253,251,160,18
12:415,252,175,17
13:23,287,268,15
14:25,312,123,16
15:148,312,143,16
16:23,336,123,16
17:148,337,143,15
18:293,287,296,15
19:293,312,146,15
20:440,312,149,16
21:293,338,146,14
22:440,338,149,13
23:24,370,267,15
24:293,369,297,16
25_0:163,387,343,14
25_1:79,394,38,28
25_2:235,387,42,35
25_3:314,387,49,35
25_4:383,388,18,35
25_5:440,387,149,35
26:23,437,267,16
27:293,431,295,22
28:23,471,65,199
29:87,471,205,199
30:292,471,67,200
31:358,471,80,197
32_1:437,470,51,197
32_2:487,470,52,197
32_3:437,669,50,19
32_4:488,669,50,19
33_1:540,471,51,198
33_2:539,669,51,19
34:24,678,371,11
35:24,698,267,22
36:23,728,269,25
37:292,696,148,15
38:440,696,149,15
39:295,728,29,32
40:90,755,201,13
